2000 1 438.753
2000 2 446.643
2000 3 428.691
2000 4 439.007
2000 5 434.999
2000 6 436.636
2000 7 427.009
2000 8 441.327
8000 1 411.254
8000 2 417.292
8000 3 408.206
8000 4 418.388
8000 5 418.825
8000 6 432.226
8000 7 417.056
8000 8 427.751
32000 1 405.923
32000 2 411.238
32000 3 396.378
32000 4 413.771
32000 5 408.612
32000 6 422.597
32000 7 406.784
32000 8 409.13
128000 1 400.041
128000 2 403.149
128000 3 396.378
128000 4 400.982
128000 5 398.863
128000 6 409.641
128000 7 402.613
128000 8 393.181
