wt - 1 433.655 446.17 4.21598 41.5598 404.61
wt - 2 432.26 446.197 4.88052 41.7908 404.406
wt - 3 432.45 446.699 4.69411 41.7195 404.98
wt - 4 433.049 445.705 4.42332 40.7592 404.945
mutI I6A 1 421.151 434.203 4.44511 39.7919 394.411
mutP I6A 1 418.612 432.067 3.61875 39.5165 392.551
mutI I6A 2 421.717 435.102 5.15546 40.4637 394.638
mutP I6A 2 419.933 432.024 3.72938 38.6436 393.38
mutI I6A 3 422.668 434.526 4.50085 39.7055 394.82
mutP I6A 3 420.43 432.43 3.6174 39.5904 392.839
mutI I6A 4 421.068 433.663 4.70236 39.574 394.089
mutP I6A 4 419.769 432.303 3.76318 38.7329 393.57
mutI L17A 1 435.158 449.117 4.50346 40.7559 408.361
mutP L17A 1 434.268 447.214 3.91742 39.8804 407.334
mutI L17A 2 436.36 449.219 4.75645 40.7834 408.435
mutP L17A 2 435.072 447.037 3.65223 39.3676 407.669
mutI L17A 3 435.55 448.942 4.5752 41.099 407.843
mutP L17A 3 434.15 447.139 3.59005 39.442 407.697
mutI L17A 4 435.916 448.842 4.42733 40.2834 408.559
mutP L17A 4 434.133 446.766 3.48037 39.3505 407.416
mutI Y28A 1 439.2 452.772 3.91552 41.6298 411.143
mutP Y28A 1 436.313 451.091 4.16081 41.3244 409.766
mutI Y28A 2 439.634 453.366 4.12219 41.8838 411.482
mutP Y28A 2 437.691 450.933 3.8952 39.8278 411.105
mutI Y28A 3 442.263 453.194 3.88626 41.8843 411.31
mutP Y28A 3 438.667 451.641 3.63509 40.2748 411.367
mutI Y28A 4 439.18 452.469 4.05782 40.7578 411.711
mutP Y28A 4 439.444 451.384 3.71136 40.2081 411.176
