wt - 1 -949.614 -901.346 11.7505 54.6485 -955.995
wt - 2 -941.828 -898.065 13.4364 52.4657 -950.531
wt - 3 -924.634 -897.82 10.6079 51.8387 -949.659
wt - 4 -930.11 -899.67 11.1983 54.1118 -953.782
mutI I6A 1 -923.318 -894.68 10.6616 52.3216 -947.002
mutP I6A 1 -932.602 -906.927 8.1892 42.1177 -949.045
mutI I6A 2 -917.905 -894.465 8.68618 49.8147 -944.279
mutP I6A 2 -930.992 -903.677 7.09764 36.7781 -940.455
mutI I6A 3 -925.555 -894.515 9.61904 51.5893 -946.104
mutP I6A 3 -926.379 -901.187 8.73042 41.2664 -942.454
mutI I6A 4 -920.303 -893.208 12.6942 50.2199 -943.428
mutP I6A 4 -904.437 -886.565 5.54376 41.026 -927.591
mutI L17A 1 -927.011 -867.682 19.6064 53.6391 -921.321
mutP L17A 1 -911.358 -888.14 7.77389 39.6681 -927.808
mutI L17A 2 -925.884 -868.184 14.0748 51.6868 -919.871
mutP L17A 2 -923.989 -907.197 4.97703 33.8036 -941
mutI L17A 3 -919.672 -865.115 13.127 51.9723 -917.087
mutP L17A 3 -907.154 -878.874 6.21288 38.7812 -917.655
mutI L17A 4 -913.945 -870.197 15.1804 51.8449 -922.042
mutP L17A 4 -908.397 -888.556 7.25751 41.0612 -929.617
mutI Y28A 1 -918.115 -865.638 20.695 56.2823 -921.921
mutP Y28A 1 -919.677 -893.229 11.4724 39.9532 -933.182
mutI Y28A 2 -902.086 -857.78 17.2792 54.6142 -912.395
mutP Y28A 2 -925.497 -891.631 14.1583 40.0588 -931.69
mutI Y28A 3 -920.595 -861.547 20.6909 55.0822 -916.629
mutP Y28A 3 -919.109 -890.011 8.98547 40.6794 -930.691
mutI Y28A 4 -920.376 -865.753 19.1539 55.4283 -921.181
mutP Y28A 4 -914.518 -875.337 7.35806 41.6993 -917.036
